spawns: 
  default: 
    world: world
    x: -170.99496531468992
    y: 66.0
    z: 644.9613053935708
    yaw: 180.81592
    pitch: 3.3000138
