world: world
x: -146.53542769307998
y: 64.0
z: 662.25535395686
yaw: 359.93488
pitch: 4.6402197
name: batoot
