world: world
x: -192.4300787337263
y: 65.0
z: 691.6090212634053
yaw: 70.13574
pitch: 30.299908
name: prizshah3333pp27cvh9
