world: world
x: -170.24108832162864
y: 65.0
z: 617.5347992895512
yaw: 270.3777
pitch: 4.800031
name: rules
